============================================================
Ursprungsprogramm:
============================================================

Berechnungszeit:    666.904517 s 
Speicherbedarf:     257.126236 MiB
Berechnungsmethode: Jacobi
Interlines:         512
Stoerfunktion:      f(x,y) = 2pi^2*sin(pi*x)sin(pi*y)
Terminierung:       Anzahl der Iterationen
Anzahl Iterationen: 1250
Norm des Fehlers:   2.928843e-07
Anzahl Threads: 1 

Matrix:
 0.0000 0.0000 0.0000 0.0000 0.0000 0.0000 0.0000 0.0000 0.0000
 0.0000 0.0001 0.0001 0.0001 0.0001 0.0001 0.0001 0.0001 0.0000
 0.0000 0.0001 0.0002 0.0002 0.0003 0.0002 0.0002 0.0001 0.0000
 0.0000 0.0001 0.0002 0.0003 0.0003 0.0003 0.0002 0.0001 0.0000
 0.0000 0.0001 0.0003 0.0003 0.0004 0.0003 0.0003 0.0001 0.0000
 0.0000 0.0001 0.0002 0.0003 0.0003 0.0003 0.0002 0.0001 0.0000
 0.0000 0.0001 0.0002 0.0002 0.0003 0.0002 0.0002 0.0001 0.0000
 0.0000 0.0001 0.0001 0.0001 0.0001 0.0001 0.0001 0.0001 0.0000
 0.0000 0.0000 0.0000 0.0000 0.0000 0.0000 0.0000 0.0000 0.0000



============================================================
Programm mit Threads
============================================================

Berechnungszeit:    667.641445 s 
Speicherbedarf:     257.126236 MiB
Berechnungsmethode: Jacobi
Interlines:         512
Stoerfunktion:      f(x,y) = 2pi^2*sin(pi*x)sin(pi*y)
Terminierung:       Anzahl der Iterationen
Anzahl Iterationen: 1250
Norm des Fehlers:   2.928843e-07
Anzahl Threads: 1 

Matrix:
 0.0000 0.0000 0.0000 0.0000 0.0000 0.0000 0.0000 0.0000 0.0000
 0.0000 0.0001 0.0001 0.0001 0.0001 0.0001 0.0001 0.0001 0.0000
 0.0000 0.0001 0.0002 0.0002 0.0003 0.0002 0.0002 0.0001 0.0000
 0.0000 0.0001 0.0002 0.0003 0.0003 0.0003 0.0002 0.0001 0.0000
 0.0000 0.0001 0.0003 0.0003 0.0004 0.0003 0.0003 0.0001 0.0000
 0.0000 0.0001 0.0002 0.0003 0.0003 0.0003 0.0002 0.0001 0.0000
 0.0000 0.0001 0.0002 0.0002 0.0003 0.0002 0.0002 0.0001 0.0000
 0.0000 0.0001 0.0001 0.0001 0.0001 0.0001 0.0001 0.0001 0.0000
 0.0000 0.0000 0.0000 0.0000 0.0000 0.0000 0.0000 0.0000 0.0000

============================================================

Berechnungszeit:    336.288614 s 
Speicherbedarf:     257.126236 MiB
Berechnungsmethode: Jacobi
Interlines:         512
Stoerfunktion:      f(x,y) = 2pi^2*sin(pi*x)sin(pi*y)
Terminierung:       Anzahl der Iterationen
Anzahl Iterationen: 1250
Norm des Fehlers:   2.928843e-07
Anzahl Threads: 2 

Matrix:
 0.0000 0.0000 0.0000 0.0000 0.0000 0.0000 0.0000 0.0000 0.0000
 0.0000 0.0001 0.0001 0.0001 0.0001 0.0001 0.0001 0.0001 0.0000
 0.0000 0.0001 0.0002 0.0002 0.0003 0.0002 0.0002 0.0001 0.0000
 0.0000 0.0001 0.0002 0.0003 0.0003 0.0003 0.0002 0.0001 0.0000
 0.0000 0.0001 0.0003 0.0003 0.0004 0.0003 0.0003 0.0001 0.0000
 0.0000 0.0001 0.0002 0.0003 0.0003 0.0003 0.0002 0.0001 0.0000
 0.0000 0.0001 0.0002 0.0002 0.0003 0.0002 0.0002 0.0001 0.0000
 0.0000 0.0001 0.0001 0.0001 0.0001 0.0001 0.0001 0.0001 0.0000
 0.0000 0.0000 0.0000 0.0000 0.0000 0.0000 0.0000 0.0000 0.0000
============================================================

Berechnungszeit:    226.576029 s 
Speicherbedarf:     257.126236 MiB
Berechnungsmethode: Jacobi
Interlines:         512
Stoerfunktion:      f(x,y) = 2pi^2*sin(pi*x)sin(pi*y)
Terminierung:       Anzahl der Iterationen
Anzahl Iterationen: 1250
Norm des Fehlers:   2.928843e-07
Anzahl Threads: 3 

Matrix:
 0.0000 0.0000 0.0000 0.0000 0.0000 0.0000 0.0000 0.0000 0.0000
 0.0000 0.0001 0.0001 0.0001 0.0001 0.0001 0.0001 0.0001 0.0000
 0.0000 0.0001 0.0002 0.0002 0.0003 0.0002 0.0002 0.0001 0.0000
 0.0000 0.0001 0.0002 0.0003 0.0003 0.0003 0.0002 0.0001 0.0000
 0.0000 0.0001 0.0003 0.0003 0.0004 0.0003 0.0003 0.0001 0.0000
 0.0000 0.0001 0.0002 0.0003 0.0003 0.0003 0.0002 0.0001 0.0000
 0.0000 0.0001 0.0002 0.0002 0.0003 0.0002 0.0002 0.0001 0.0000
 0.0000 0.0001 0.0001 0.0001 0.0001 0.0001 0.0001 0.0001 0.0000
 0.0000 0.0000 0.0000 0.0000 0.0000 0.0000 0.0000 0.0000 0.0000
============================================================

Berechnungszeit:    172.092365 s 
Speicherbedarf:     257.126236 MiB
Berechnungsmethode: Jacobi
Interlines:         512
Stoerfunktion:      f(x,y) = 2pi^2*sin(pi*x)sin(pi*y)
Terminierung:       Anzahl der Iterationen
Anzahl Iterationen: 1250
Norm des Fehlers:   2.928843e-07
Anzahl Threads: 4 

Matrix:
 0.0000 0.0000 0.0000 0.0000 0.0000 0.0000 0.0000 0.0000 0.0000
 0.0000 0.0001 0.0001 0.0001 0.0001 0.0001 0.0001 0.0001 0.0000
 0.0000 0.0001 0.0002 0.0002 0.0003 0.0002 0.0002 0.0001 0.0000
 0.0000 0.0001 0.0002 0.0003 0.0003 0.0003 0.0002 0.0001 0.0000
 0.0000 0.0001 0.0003 0.0003 0.0004 0.0003 0.0003 0.0001 0.0000
 0.0000 0.0001 0.0002 0.0003 0.0003 0.0003 0.0002 0.0001 0.0000
 0.0000 0.0001 0.0002 0.0002 0.0003 0.0002 0.0002 0.0001 0.0000
 0.0000 0.0001 0.0001 0.0001 0.0001 0.0001 0.0001 0.0001 0.0000
 0.0000 0.0000 0.0000 0.0000 0.0000 0.0000 0.0000 0.0000 0.0000
============================================================

Berechnungszeit:    139.528075 s 
Speicherbedarf:     257.126236 MiB
Berechnungsmethode: Jacobi
Interlines:         512
Stoerfunktion:      f(x,y) = 2pi^2*sin(pi*x)sin(pi*y)
Terminierung:       Anzahl der Iterationen
Anzahl Iterationen: 1250
Norm des Fehlers:   2.928843e-07
Anzahl Threads: 5 

Matrix:
 0.0000 0.0000 0.0000 0.0000 0.0000 0.0000 0.0000 0.0000 0.0000
 0.0000 0.0001 0.0001 0.0001 0.0001 0.0001 0.0001 0.0001 0.0000
 0.0000 0.0001 0.0002 0.0002 0.0003 0.0002 0.0002 0.0001 0.0000
 0.0000 0.0001 0.0002 0.0003 0.0003 0.0003 0.0002 0.0001 0.0000
 0.0000 0.0001 0.0003 0.0003 0.0004 0.0003 0.0003 0.0001 0.0000
 0.0000 0.0001 0.0002 0.0003 0.0003 0.0003 0.0002 0.0001 0.0000
 0.0000 0.0001 0.0002 0.0002 0.0003 0.0002 0.0002 0.0001 0.0000
 0.0000 0.0001 0.0001 0.0001 0.0001 0.0001 0.0001 0.0001 0.0000
 0.0000 0.0000 0.0000 0.0000 0.0000 0.0000 0.0000 0.0000 0.0000
============================================================

Berechnungszeit:    114.475775 s 
Speicherbedarf:     257.126236 MiB
Berechnungsmethode: Jacobi
Interlines:         512
Stoerfunktion:      f(x,y) = 2pi^2*sin(pi*x)sin(pi*y)
Terminierung:       Anzahl der Iterationen
Anzahl Iterationen: 1250
Norm des Fehlers:   2.928843e-07
Anzahl Threads: 6 

Matrix:
 0.0000 0.0000 0.0000 0.0000 0.0000 0.0000 0.0000 0.0000 0.0000
 0.0000 0.0001 0.0001 0.0001 0.0001 0.0001 0.0001 0.0001 0.0000
 0.0000 0.0001 0.0002 0.0002 0.0003 0.0002 0.0002 0.0001 0.0000
 0.0000 0.0001 0.0002 0.0003 0.0003 0.0003 0.0002 0.0001 0.0000
 0.0000 0.0001 0.0003 0.0003 0.0004 0.0003 0.0003 0.0001 0.0000
 0.0000 0.0001 0.0002 0.0003 0.0003 0.0003 0.0002 0.0001 0.0000
 0.0000 0.0001 0.0002 0.0002 0.0003 0.0002 0.0002 0.0001 0.0000
 0.0000 0.0001 0.0001 0.0001 0.0001 0.0001 0.0001 0.0001 0.0000
 0.0000 0.0000 0.0000 0.0000 0.0000 0.0000 0.0000 0.0000 0.0000
============================================================

Berechnungszeit:    96.507992 s 
Speicherbedarf:     257.126236 MiB
Berechnungsmethode: Jacobi
Interlines:         512
Stoerfunktion:      f(x,y) = 2pi^2*sin(pi*x)sin(pi*y)
Terminierung:       Anzahl der Iterationen
Anzahl Iterationen: 1250
Norm des Fehlers:   2.928843e-07
Anzahl Threads: 7 

Matrix:
 0.0000 0.0000 0.0000 0.0000 0.0000 0.0000 0.0000 0.0000 0.0000
 0.0000 0.0001 0.0001 0.0001 0.0001 0.0001 0.0001 0.0001 0.0000
 0.0000 0.0001 0.0002 0.0002 0.0003 0.0002 0.0002 0.0001 0.0000
 0.0000 0.0001 0.0002 0.0003 0.0003 0.0003 0.0002 0.0001 0.0000
 0.0000 0.0001 0.0003 0.0003 0.0004 0.0003 0.0003 0.0001 0.0000
 0.0000 0.0001 0.0002 0.0003 0.0003 0.0003 0.0002 0.0001 0.0000
 0.0000 0.0001 0.0002 0.0002 0.0003 0.0002 0.0002 0.0001 0.0000
 0.0000 0.0001 0.0001 0.0001 0.0001 0.0001 0.0001 0.0001 0.0000
 0.0000 0.0000 0.0000 0.0000 0.0000 0.0000 0.0000 0.0000 0.0000
============================================================

Berechnungszeit:    85.016573 s 
Speicherbedarf:     257.126236 MiB
Berechnungsmethode: Jacobi
Interlines:         512
Stoerfunktion:      f(x,y) = 2pi^2*sin(pi*x)sin(pi*y)
Terminierung:       Anzahl der Iterationen
Anzahl Iterationen: 1250
Norm des Fehlers:   2.928843e-07
Anzahl Threads: 8 

Matrix:
 0.0000 0.0000 0.0000 0.0000 0.0000 0.0000 0.0000 0.0000 0.0000
 0.0000 0.0001 0.0001 0.0001 0.0001 0.0001 0.0001 0.0001 0.0000
 0.0000 0.0001 0.0002 0.0002 0.0003 0.0002 0.0002 0.0001 0.0000
 0.0000 0.0001 0.0002 0.0003 0.0003 0.0003 0.0002 0.0001 0.0000
 0.0000 0.0001 0.0003 0.0003 0.0004 0.0003 0.0003 0.0001 0.0000
 0.0000 0.0001 0.0002 0.0003 0.0003 0.0003 0.0002 0.0001 0.0000
 0.0000 0.0001 0.0002 0.0002 0.0003 0.0002 0.0002 0.0001 0.0000
 0.0000 0.0001 0.0001 0.0001 0.0001 0.0001 0.0001 0.0001 0.0000
 0.0000 0.0000 0.0000 0.0000 0.0000 0.0000 0.0000 0.0000 0.0000
============================================================

Berechnungszeit:    79.096068 s 
Speicherbedarf:     257.126236 MiB
Berechnungsmethode: Jacobi
Interlines:         512
Stoerfunktion:      f(x,y) = 2pi^2*sin(pi*x)sin(pi*y)
Terminierung:       Anzahl der Iterationen
Anzahl Iterationen: 1250
Norm des Fehlers:   2.928843e-07
Anzahl Threads: 9 

Matrix:
 0.0000 0.0000 0.0000 0.0000 0.0000 0.0000 0.0000 0.0000 0.0000
 0.0000 0.0001 0.0001 0.0001 0.0001 0.0001 0.0001 0.0001 0.0000
 0.0000 0.0001 0.0002 0.0002 0.0003 0.0002 0.0002 0.0001 0.0000
 0.0000 0.0001 0.0002 0.0003 0.0003 0.0003 0.0002 0.0001 0.0000
 0.0000 0.0001 0.0003 0.0003 0.0004 0.0003 0.0003 0.0001 0.0000
 0.0000 0.0001 0.0002 0.0003 0.0003 0.0003 0.0002 0.0001 0.0000
 0.0000 0.0001 0.0002 0.0002 0.0003 0.0002 0.0002 0.0001 0.0000
 0.0000 0.0001 0.0001 0.0001 0.0001 0.0001 0.0001 0.0001 0.0000
 0.0000 0.0000 0.0000 0.0000 0.0000 0.0000 0.0000 0.0000 0.0000
============================================================

Berechnungszeit:    67.462777 s 
Speicherbedarf:     257.126236 MiB
Berechnungsmethode: Jacobi
Interlines:         512
Stoerfunktion:      f(x,y) = 2pi^2*sin(pi*x)sin(pi*y)
Terminierung:       Anzahl der Iterationen
Anzahl Iterationen: 1250
Norm des Fehlers:   2.928843e-07
Anzahl Threads: 10 

Matrix:
 0.0000 0.0000 0.0000 0.0000 0.0000 0.0000 0.0000 0.0000 0.0000
 0.0000 0.0001 0.0001 0.0001 0.0001 0.0001 0.0001 0.0001 0.0000
 0.0000 0.0001 0.0002 0.0002 0.0003 0.0002 0.0002 0.0001 0.0000
 0.0000 0.0001 0.0002 0.0003 0.0003 0.0003 0.0002 0.0001 0.0000
 0.0000 0.0001 0.0003 0.0003 0.0004 0.0003 0.0003 0.0001 0.0000
 0.0000 0.0001 0.0002 0.0003 0.0003 0.0003 0.0002 0.0001 0.0000
 0.0000 0.0001 0.0002 0.0002 0.0003 0.0002 0.0002 0.0001 0.0000
 0.0000 0.0001 0.0001 0.0001 0.0001 0.0001 0.0001 0.0001 0.0000
 0.0000 0.0000 0.0000 0.0000 0.0000 0.0000 0.0000 0.0000 0.0000
============================================================

Berechnungszeit:    66.940506 s 
Speicherbedarf:     257.126236 MiB
Berechnungsmethode: Jacobi
Interlines:         512
Stoerfunktion:      f(x,y) = 2pi^2*sin(pi*x)sin(pi*y)
Terminierung:       Anzahl der Iterationen
Anzahl Iterationen: 1250
Norm des Fehlers:   2.928843e-07
Anzahl Threads: 11 

Matrix:
 0.0000 0.0000 0.0000 0.0000 0.0000 0.0000 0.0000 0.0000 0.0000
 0.0000 0.0001 0.0001 0.0001 0.0001 0.0001 0.0001 0.0001 0.0000
 0.0000 0.0001 0.0002 0.0002 0.0003 0.0002 0.0002 0.0001 0.0000
 0.0000 0.0001 0.0002 0.0003 0.0003 0.0003 0.0002 0.0001 0.0000
 0.0000 0.0001 0.0003 0.0003 0.0004 0.0003 0.0003 0.0001 0.0000
 0.0000 0.0001 0.0002 0.0003 0.0003 0.0003 0.0002 0.0001 0.0000
 0.0000 0.0001 0.0002 0.0002 0.0003 0.0002 0.0002 0.0001 0.0000
 0.0000 0.0001 0.0001 0.0001 0.0001 0.0001 0.0001 0.0001 0.0000
 0.0000 0.0000 0.0000 0.0000 0.0000 0.0000 0.0000 0.0000 0.0000
============================================================

Berechnungszeit:    60.296280 s 
Speicherbedarf:     257.126236 MiB
Berechnungsmethode: Jacobi
Interlines:         512
Stoerfunktion:      f(x,y) = 2pi^2*sin(pi*x)sin(pi*y)
Terminierung:       Anzahl der Iterationen
Anzahl Iterationen: 1250
Norm des Fehlers:   2.928843e-07
Anzahl Threads: 12 

Matrix:
 0.0000 0.0000 0.0000 0.0000 0.0000 0.0000 0.0000 0.0000 0.0000
 0.0000 0.0001 0.0001 0.0001 0.0001 0.0001 0.0001 0.0001 0.0000
 0.0000 0.0001 0.0002 0.0002 0.0003 0.0002 0.0002 0.0001 0.0000
 0.0000 0.0001 0.0002 0.0003 0.0003 0.0003 0.0002 0.0001 0.0000
 0.0000 0.0001 0.0003 0.0003 0.0004 0.0003 0.0003 0.0001 0.0000
 0.0000 0.0001 0.0002 0.0003 0.0003 0.0003 0.0002 0.0001 0.0000
 0.0000 0.0001 0.0002 0.0002 0.0003 0.0002 0.0002 0.0001 0.0000
 0.0000 0.0001 0.0001 0.0001 0.0001 0.0001 0.0001 0.0001 0.0000
 0.0000 0.0000 0.0000 0.0000 0.0000 0.0000 0.0000 0.0000 0.0000
